site id_number one_lon two_lon three_lon four_lon one_lat two_lat three_lat four_lat
Palanas 25064 124.706093277221 124.708971000291 124.708850737906 124.711729585449 10.8728602361832 10.875008490007 10.8692967217614 10.8714458521213
Wangag 24826 124.708850737906 124.711729585449 124.711609289172 124.714489261706 10.8692967217614 10.8714458521213 10.8657317734766 10.8678817783851
Magbangon 24078 124.717129653364 124.720011878459 124.719891461868 124.722774815048 10.858597571266 10.8607493200849 10.8550283145213 10.8571809330877
Cabatoan 23834 124.719891461868 124.722774815048 124.722654352107 124.725538834918 10.8550283145213 10.8571809330877 10.8514576182738 10.8536111053719
Caridad_Cemetery 22363 124.739375145263 124.742264629551 124.742145645307 124.745036273915 10.835740274148 10.8378989671977 10.8321617484554 10.8343213092128
Caridad_Proper 21877 124.744917224405 124.747809000572 124.747689882928 124.750582810163 10.8285817611085 10.8307421898953 10.8250003077977 10.8271616051264
Hicgop 20757 124.756014342423 124.758910746665 124.758791327244 124.761688899351 10.8142471039048 10.8164110118481 10.8106597368465 10.8128245172982
Hicgop_South 20461 124.758791327244 124.761688899351 124.761569397015 124.76446814189 10.8106597368465 10.8128245172982 10.8070708771509 10.809236531585
Sitio_Tugas 20165 124.7586699682 124.761569397015 124.761447945488 124.764348553579 10.804906123444 10.8070708771509 10.8013148932989 10.8034805184337
Elementary_School 19575 124.764227006021 124.767128799027 124.767007151844 124.769910135701 10.7977221557533 10.7998886539511 10.7941279035058 10.7962952765955
Sitio_Lonas 17863 124.775104096649 124.778014517469 124.777888338278 124.780799996608 10.771792907091 10.7739628011637 10.7681876311588 10.7703584025516
San_Agustin 17574 124.77497599408 124.777888338278 124.77776007746 124.780673669761 10.7660178126405 10.7681876311588 10.7624100813268 10.7645807730771
Poroc_San_Flowers 17285 124.77776007746 124.780673669761 124.780545245132 124.783460094492 10.7624100813268 10.7645807730771 10.7588007544095 10.7609723220222
Poroc_Rose 16994 124.77762971133 124.780545245132 124.780414698002 124.783331500392 10.7566301553029 10.7588007544095 10.7530183501068 10.7551898204477
Pangasugan 16413 124.777362562964 124.780282002556 124.780147131875 124.783067864414 10.7450631929157 10.7472335644778 10.7414464026135 10.7436176346898
Visca 16124 124.780147131875 124.783067864414 124.782932767658 124.785854803984 10.7414464026135 10.7436176346898 10.7378279598181 10.7400000549434
Gabas 14969 124.78836941209 124.79129610885 124.791157995519 124.794086045868 10.7247889083875 10.7269625761469 10.7211628477704 10.7233373806254
Tamakin_Dacot 11567 124.780620520817 124.783573258877 124.783400454782 124.786354755824 10.650702811555 10.6528704287419 10.6470435577449 10.6492118777671
Haina 11290 124.777490246419 124.78044561413 124.780267875418 124.783224823626 10.6427105482482 10.6448764482106 10.6390479462307 10.6412145164265
Haina 11026 124.783224823626 124.786181246169 124.78600486838 124.788962893311 10.6412145164265 10.64338231196 10.6375505690561 10.6397190490833
Sitio_Baybayon 11288 124.771577979958 124.774534364188 124.774352453507 124.777310414426 10.6383823720563 10.6405458566772 10.6347184767734 10.63688260017
Sitio_Baybayon 11025 124.771394005488 124.774352453507 124.774167658397 124.777127701029 10.6325555743061 10.6347184767734 10.6288890506249 10.631052572992
Sand_Flat1 24578 124.711609289172 124.714489261706 124.714368928436 124.717250026735 10.8657317734766 10.8678817783851 10.8621653903951 10.8643162680587
Sand_Flat1 24324 124.714368928436 124.717250026735 124.717129653364 124.720011878459 10.8621653903951 10.8643162680587 10.858597571266 10.8607493200849
Sand_Flat2 23347 124.728303936732 124.731188870777 124.731070119399 124.73395618748 10.8500398349213 10.8521950565462 10.8464671193981 10.8486232093493
Sand_Flat2 23102 124.731070119399 124.73395618748 124.733837382071 124.736724586362 10.8464671193981 10.8486232093493 10.8428929561405 10.8450499139777
Sand_Flat2 22856 124.733837382071 124.736724586362 124.736605724146 124.739494067084 10.8428929561405 10.8450499139777 10.8393173421619 10.841475167635
Sand_Flat2 22610 124.736605724146 124.739494067084 124.739375145263 124.742264629551 10.8393173421619 10.841475167635 10.835740274148 10.8378989671977
Sand_Flat2 22363 124.739375145263 124.742264629551 124.742145645307 124.745036273915 10.835740274148 10.8378989671977 10.8321617484554 10.8343213092128
Sand_Flat3 21338 124.750463621492 124.753357703578 124.753238440956 124.756133681951 10.8214173838757 10.8235795504499 10.8178329843551 10.8199960210701
Sand_Flat3 21617 124.747689882928 124.750582810163 124.750463621492 124.753357703578 10.8250003077977 10.8271616051264 10.8214173838757 10.8235795504499
Sand_Flat3 21050 124.753238440956 124.756133681951 124.756014342423 124.758910746665 10.8178329843551 10.8199960210701 10.8142471039048 10.8164110118481
Sand_Flat4 18993 124.766883518271 124.769788385251 124.76966463642 124.772570708781 10.7883647992904 10.7905321288853 10.784766620397 10.7869348238453
Sand_Flat4 19280 124.76410348355 124.767007151844 124.766883518271 124.769788385251 10.7919614457841 10.7941279035058 10.7883647992904 10.7905321288853
Sand_Flat4 18714 124.76966463642 124.772570708781 124.772446840476 124.775354125227 10.784766620397 10.7869348238453 10.7811669004829 10.7833359799587
Sand_Flat4 18436 124.772446840476 124.775354125227 124.775230133167 124.77813863763 10.7811669004829 10.7833359799587 10.7775656305395 10.7797355884116
Sand_Flat4 18150 124.772320941731 124.775230133167 124.775104096649 124.778014517469 10.7753966112804 10.7775656305395 10.771792907091 10.7739628011637
Sand_Flat5 15835 124.782932767658 124.785854803984 124.785719473461 124.788642824795 10.7378279598181 10.7400000549434 10.7342078507362 10.7363808116251
Sand_Flat5 15546 124.785719473461 124.788642824795 124.788507252658 124.791431930608 10.7342078507362 10.7363808116251 10.7305860610983 10.7327598906458
Sand_Flat5 15257 124.78558189693 124.788507252658 124.78836941209 124.79129610885 10.7284132554969 10.7305860610983 10.7247889083875 10.7269625761469
Sand_Flat5 15546 124.785719473461 124.788642824795 124.788507252658 124.791431930608 10.7342078507362 10.7363808116251 10.7305860610983 10.7327598906458
Sand_Flat6 15257 124.78558189693 124.788507252658 124.78836941209 124.79129610885 10.7284132554969 10.7305860610983 10.7247889083875 10.7269625761469
Sand_Flat6 14394 124.788086794527 124.791017556935 124.79087475827 124.793806905509 10.7131874246376 10.7153607123696 10.7095561777915 10.7117303155604
Sand_Flat6 14680 124.785299879341 124.788229270592 124.788086794527 124.791017556935 10.7168169199998 10.7189893603076 10.7131874246376 10.7153607123696
Sand_Flat6 14681 124.788229270592 124.791157995519 124.791017556935 124.793947650857 10.7189893603076 10.7211628477704 10.7153607123696 10.7175350577019
Sand_Flat6 14393 124.785155372239 124.788086794527 124.787941949134 124.79087475827 10.7110151961614 10.7131874246376 10.7073831101631 10.7095561777915
Sand_Flat6 14108 124.787941949134 124.79087475827 124.790729563549 124.793663773772 10.7073831101631 10.7095561777915 10.7037492529211 10.7059231621264
Sand_Flat6 13823 124.787794698532 124.790729563549 124.790581935666 124.793518218435 10.7015764267207 10.7037492529211 10.6979399477286 10.7001136063974
Sand_Flat6 13593 124.112318752174 124.115199337269 124.114994445504 124.117874265654 10.2194849987926 10.2215742287311 10.2159125207321 10.2180006536301
Sand_Flat6 12974 124.7902792264 124.79321968238 124.793066621545 124.796008546227 10.6863142419751 10.6884873296961 10.6826706325251 10.6848445343281
Sand_Flat6 13256 124.787492832675 124.790431836393 124.7902792264 124.79321968238 10.6899559978146 10.6921282733176 10.6863142419751 10.6884873296961
Sand_Flat6 11852 124.795540072047 124.798487767308 124.798328412094 124.801277650031 10.6673792942278 10.6695532932596 10.6637264550076 10.6659012472393
Sand_Flat6 12973 124.787338140198 124.7902792264 124.790124065267 124.793066621545 10.6841422777042 10.6863142419751 10.6804978672235 10.6826706325251
Sand_Flat6 12412 124.789966311508 124.792910976914 124.792752705687 124.79569887695 10.6746791638738 10.6768515807688 10.6710301895512 10.6732033968314
Sand_Flat6 12692 124.787180888105 124.790124065267 124.789966311508 124.792910976914 10.6783262394334 10.6804978672235 10.6746791638738 10.6768515807688
Sand_Flat6 12132 124.792752705687 124.79569887695 124.795540072047 124.798487767308 10.6710301895512 10.6732033968314 10.6673792942278 10.6695532932596
