id_number one_lon two_lon three_lon four_lon one_lat two_lat three_lat four_lat
19854 124.678571791461 124.681560156801 124.681277885912 124.684267702793 10.4810540926491 10.4831657252961 10.4773491882574 10.4794605966298
19855 124.681560156801 124.68454871185 124.684267702793 124.687257723512 10.4831657252961 10.4852784756722 10.4794605966298 10.4815731340983
20155 124.672878637797 124.675865381093 124.675583624906 124.678571791461 10.482646427243 10.4847571711503 10.4789435668409 10.4810540926491
20156 124.675865381093 124.67885230931 124.678571791461 124.681560156801 10.4847571711503 10.4868690107231 10.4810540926491 10.4831657252961
20157 124.67885230931 124.681839413369 124.681560156801 124.68454871185 10.4868690107231 10.4889819566533 10.4831657252961 10.4852784756722
20158 124.681839413369 124.684826684033 124.68454871185 124.68753744737 10.4889819566533 10.4910960196308 10.4852784756722 10.4873923546708
20455 124.664203223662 124.667188188642 124.666905741504 124.669892088344 10.4821288180579 10.4842376255624 10.4784281836687 10.4805367683109
20456 124.667188188642 124.670173342627 124.669892088344 124.672878637797 10.4842376255624 10.4863474965515 10.4805367683109 10.482646427243
20457 124.670173342627 124.673158676839 124.672878637797 124.675865381093 10.4863474965515 10.4884584415277 10.482646427243 10.4847571711503
20458 124.673158676839 124.676144182356 124.675865381093 124.67885230931 10.4884584415277 10.4905704709935 10.4847571711503 10.4868690107231
20459 124.676144182356 124.679129850101 124.67885230931 124.681839413369 10.4905704709935 10.4926835954484 10.4868690107231 10.4889819566533
20460 124.679129850101 124.682115670847 124.681839413369 124.684826684033 10.4926835954484 10.4947978253849 10.4889819566533 10.4910960196308
20461 124.682115670847 124.685101635204 124.684826684033 124.687814111901 10.4947978253849 10.4969131712847 10.4910960196308 10.4932112103392
20755 124.655533759345 124.658516979158 124.658233895106 124.661218456319 10.4816128017176 10.4837197409873 10.4779143515153 10.4800210635394
20756 124.658516979158 124.661500391733 124.661218456319 124.664203223662 10.4837197409873 10.4858277122815 10.4800210635394 10.4821288180579
20757 124.661500391733 124.664483988569 124.664203223662 124.667188188642 10.4858277122815 10.4879367259235 10.4821288180579 10.4842376255624
20758 124.664483988569 124.667467761029 124.667188188642 124.670173342627 10.4879367259235 10.4900467922388 10.4842376255624 10.4863474965515
20759 124.667467761029 124.670451700336 124.670173342627 124.673158676839 10.4900467922388 10.4921579215524 10.4863474965515 10.4884584415277
20760 124.670451700336 124.673435797571 124.673158676839 124.676144182356 10.4921579215524 10.4942701241848 10.4884584415277 10.4905704709935
20761 124.673435797571 124.676420043668 124.676144182356 124.679129850101 10.4942701241848 10.496383410449 10.4905704709935 10.4926835954484
20762 124.676420043668 124.679404429411 124.679129850101 124.682115670847 10.496383410449 10.4984977906464 10.4926835954484 10.4947978253849
20763 124.679404429411 124.682388945432 124.682115670847 124.685101635204 10.4984977906464 10.5006132750631 10.4947978253849 10.4969131712847
20764 124.682388945432 124.685373582203 124.685101635204 124.688087733621 10.5006132750631 10.5027298739658 10.4969131712847 10.4990296436144
21055 124.646870092719 124.649851600219 124.649567931354 124.652550740664 10.4810982854028 10.4832034228608 10.4774019779883 10.4795068841544
21056 124.649851600219 124.652833303949 124.652550740664 124.655533759345 10.4832034228608 10.4853095615518 10.4795068841544 10.4816128017176
21057 124.652833303949 124.655815195659 124.655533759345 124.658516979158 10.4853095615518 10.4874167116302 10.4816128017176 10.4837197409873
21058 124.655815195659 124.658797266974 124.658516979158 124.661500391733 10.4874167116302 10.4895248832545 10.4837197409873 10.4858277122815
21059 124.658797266974 124.661779509389 124.661500391733 124.664483988569 10.4895248832545 10.4916340865845 10.4858277122815 10.4879367259235
21060 124.661779509389 124.664761914268 124.664483988569 124.667467761029 10.4916340865845 10.4937443317779 10.4879367259235 10.4900467922388
21061 124.664761914268 124.667744472841 124.667467761029 124.670451700336 10.4937443317779 10.4958556289873 10.4900467922388 10.4921579215524
21062 124.667744472841 124.670727176199 124.670451700336 124.673435797571 10.4958556289873 10.4979679883571 10.4921579215524 10.4942701241848
21063 124.670727176199 124.673710015289 124.673435797571 124.676420043668 10.4979679883571 10.5000814200195 10.4942701241848 10.496383410449
21064 124.673710015289 124.676692980916 124.676420043668 124.679404429411 10.5000814200195 10.502195934091 10.496383410449 10.4984977906464
21065 124.676692980916 124.679676063736 124.679404429411 124.682388945432 10.502195934091 10.5043115406686 10.4984977906464 10.5006132750631
21066 124.679676063736 124.68265925425 124.682388945432 124.685373582203 10.5043115406686 10.5064282498259 10.5006132750631 10.5027298739658
21067 124.68265925425 124.685642542809 124.685373582203 124.688358330037 10.5064282498259 10.5085460716085 10.5027298739658 10.5048475975976
21356 124.641191902138 124.644171929323 124.643888789578 124.646870092719 10.4826885796711 10.4847929511983 10.4789941390302 10.4810982854028
21357 124.644171929323 124.647152147928 124.646870092719 124.649851600219 10.4847929511983 10.4868983037824 10.4810982854028 10.4832034228608
21358 124.647152147928 124.650132549816 124.649851600219 124.652833303949 10.4868983037824 10.4890046474246 10.4832034228608 10.4853095615518
21359 124.650132549816 124.65311312673 124.652833303949 124.655815195659 10.4890046474246 10.4911119921286 10.4853095615518 10.4874167116302
21360 124.65311312673 124.656093870296 124.655815195659 124.658797266974 10.4911119921286 10.493220347898 10.4874167116302 10.4895248832545
21361 124.656093870296 124.659074772011 124.658797266974 124.661779509389 10.493220347898 10.4953297247339 10.4895248832545 10.4916340865845
21362 124.659074772011 124.662055823246 124.661779509389 124.664761914268 10.4953297247339 10.4974401326313 10.4916340865845 10.4937443317779
21363 124.662055823246 124.66503701524 124.664761914268 124.667744472841 10.4974401326313 10.4995515815761 10.4937443317779 10.4958556289873
21364 124.66503701524 124.668018339101 124.667744472841 124.670727176199 10.4995515815761 10.5016640815416 10.4958556289873 10.4979679883571
21365 124.668018339101 124.670999785797 124.670727176199 124.673710015289 10.5016640815416 10.5037776424854 10.4979679883571 10.5000814200195
21366 124.670999785797 124.673981346155 124.673710015289 124.676692980916 10.5037776424854 10.5058922743453 10.5000814200195 10.502195934091
21367 124.673981346155 124.676963010862 124.676692980916 124.679676063736 10.5058922743453 10.5080079870356 10.502195934091 10.5043115406686
21368 124.676963010862 124.679944770455 124.679676063736 124.68265925425 10.5080079870356 10.5101247904432 10.5043115406686 10.5064282498259
21369 124.679944770455 124.682926615324 124.68265925425 124.685642542809 10.5101247904432 10.5122426944236 10.5064282498259 10.5085460716085
21656 124.632537737795 124.635516120469 124.635232454002 124.638212074394 10.4821751226802 10.4842777909647 10.4784827398139 10.4805851792055
21657 124.635516120469 124.638494697753 124.638212074394 124.641191902138 10.4842777909647 10.4863814105598 10.4805851792055 10.4826885796711
21658 124.638494697753 124.641473461728 124.641191902138 124.644171929323 10.4863814105598 10.4884859913181 10.4826885796711 10.4847929511983
21659 124.641473461728 124.644452404367 124.644171929323 124.647152147928 10.4884859913181 10.4905915430964 10.4847929511983 10.4868983037824
21660 124.644452404367 124.647431517528 124.647152147928 124.650132549816 10.4905915430964 10.4926980757532 10.4868983037824 10.4890046474246
21661 124.647431517528 124.650410792957 124.650132549816 124.65311312673 10.4926980757532 10.494805599146 10.4890046474246 10.4911119921286
21662 124.650410792957 124.653390222281 124.65311312673 124.656093870296 10.494805599146 10.4969141231284 10.4911119921286 10.493220347898
21663 124.653390222281 124.656369797005 124.656093870296 124.659074772011 10.4969141231284 10.4990236575475 10.493220347898 10.4953297247339
21664 124.656369797005 124.659349508514 124.659074772011 124.662055823246 10.4990236575475 10.5011342122406 10.4953297247339 10.4974401326313
21665 124.659349508514 124.662329348062 124.662055823246 124.66503701524 10.5011342122406 10.503245797032 10.4974401326313 10.4995515815761
21666 124.662329348062 124.665309306775 124.66503701524 124.668018339101 10.503245797032 10.5053584217301 10.4995515815761 10.5016640815416
21667 124.665309306775 124.668289375648 124.668018339101 124.670999785797 10.5053584217301 10.5074720961232 10.5016640815416 10.5037776424854
21668 124.668289375648 124.671269545538 124.670999785797 124.673981346155 10.5074720961232 10.5095868299767 10.5037776424854 10.5058922743453
21669 124.671269545538 124.674249807165 124.673981346155 124.676963010862 10.5095868299767 10.5117026330284 10.5058922743453 10.5080079870356
21670 124.674249807165 124.677230151107 124.676963010862 124.679944770455 10.5117026330284 10.5138195149853 10.5080079870356 10.5101247904432
21671 124.677230151107 124.680210567798 124.679944770455 124.682926615324 10.5138195149853 10.5159374855194 10.5101247904432 10.5122426944236
21672 124.680210567798 124.683191047526 124.682926615324 124.685908535705 10.5159374855194 10.518056554263 10.5122426944236 10.5143617087959
21956 124.623888962472 124.626865732399 124.626581587433 124.629559557547 10.4816629656686 10.4837639932377 10.4779726006672 10.4800733958601
21957 124.626865732399 124.629842699908 124.629559557547 124.632537737795 10.4837639932377 10.4858659429116 10.4800733958601 10.4821751226802
21958 124.629842699908 124.632819857277 124.632537737795 124.635516120469 10.4858659429116 10.4879688244037 10.4821751226802 10.4842777909647
21959 124.632819857277 124.635797196684 124.635516120469 124.638494697753 10.4879688244037 10.4900726474325 10.4842777909647 10.4863814105598
21960 124.635797196684 124.638774710206 124.638494697753 124.641473461728 10.4900726474325 10.4921774217196 10.4863814105598 10.4884859913181
21961 124.638774710206 124.641752389811 124.641473461728 124.644452404367 10.4921774217196 10.494283156987 10.4884859913181 10.4905915430964
21962 124.641752389811 124.644730227362 124.644452404367 124.647431517528 10.494283156987 10.496389862955 10.4905915430964 10.4926980757532
21963 124.644730227362 124.647708214608 124.647431517528 124.650410792957 10.496389862955 10.498497549339 10.4926980757532 10.494805599146
21964 124.647708214608 124.650686343185 124.650410792957 124.653390222281 10.498497549339 10.5006062258474 10.494805599146 10.4969141231284
21965 124.650686343185 124.653664604612 124.653390222281 124.656369797005 10.5006062258474 10.502715902178 10.4969141231284 10.4990236575475
21966 124.653664604612 124.656642990287 124.656369797005 124.659349508514 10.502715902178 10.5048265880156 10.4990236575475 10.5011342122406
21967 124.656642990287 124.659621491488 124.659349508514 124.662329348062 10.5048265880156 10.5069382930283 10.5011342122406 10.503245797032
21968 124.659621491488 124.662600099364 124.662329348062 124.665309306775 10.5069382930283 10.5090510268648 10.503245797032 10.5053584217301
21969 124.662600099364 124.665578804939 124.665309306775 124.668289375648 10.5090510268648 10.5111647991502 10.5053584217301 10.5074720961232
21970 124.665578804939 124.668557599106 124.668289375648 124.671269545538 10.5111647991502 10.5132796194831 10.5074720961232 10.5095868299767
21971 124.668557599106 124.671536472622 124.671269545538 124.674249807165 10.5132796194831 10.5153954974316 10.5095868299767 10.5117026330284
21972 124.671536472622 124.674515416111 124.674249807165 124.677230151107 10.5153954974316 10.517512442529 10.5117026330284 10.5138195149853
21973 124.674515416111 124.677494420057 124.677230151107 124.680210567798 10.517512442529 10.5196304642707 10.5138195149853 10.5159374855194
21974 124.677494420057 124.680473474801 124.680210567798 124.683191047526 10.5196304642707 10.5217495721089 10.5159374855194 10.518056554263
21975 124.680473474801 124.683452570543 124.683191047526 124.68617158043 10.5217495721089 10.5238697754492 10.518056554263 10.5201767308047
22256 124.615245433695 124.618220622376 124.617936045765 124.620912397751 10.4811520247021 10.4832514728041 10.4774636380308 10.4795628504985
22257 124.618220622376 124.621196011414 124.620912397751 124.623888962472 10.4832514728041 10.4853518143055 10.4795628504985 10.4816629656686
22258 124.621196011414 124.624171593268 124.623888962472 124.626865732399 10.4853518143055 10.4874530587888 10.4816629656686 10.4837639932377
22259 124.624171593268 124.627147360304 124.626865732399 124.629842699908 10.4874530587888 10.4895552158429 10.4837639932377 10.4858659429116
22260 124.627147360304 124.630123304796 124.629842699908 124.632819857277 10.4895552158429 10.4916582950605 10.4858659429116 10.4879688244037
22261 124.630123304796 124.633099418917 124.632819857277 124.635797196684 10.4916582950605 10.4937623060363 10.4879688244037 10.4900726474325
22262 124.633099418917 124.636075694744 124.635797196684 124.638774710206 10.4937623060363 10.4958672583643 10.4900726474325 10.4921774217196
22263 124.636075694744 124.639052124248 124.638774710206 124.641752389811 10.4958672583643 10.4979731616362 10.4921774217196 10.494283156987
22264 124.639052124248 124.642028699296 124.641752389811 124.644730227362 10.4979731616362 10.5000800254378 10.494283156987 10.496389862955
22265 124.642028699296 124.645005411649 124.644730227362 124.647708214608 10.5000800254378 10.5021878593473 10.496389862955 10.498497549339
22266 124.645005411649 124.647982252955 124.647708214608 124.650686343185 10.5021878593473 10.504296672932 10.498497549339 10.5006062258474
22267 124.647982252955 124.650959214749 124.650686343185 124.653664604612 10.504296672932 10.5064064757457 10.5006062258474 10.502715902178
22268 124.650959214749 124.653936288452 124.653664604612 124.656642990287 10.5064064757457 10.5085172773254 10.502715902178 10.5048265880156
22269 124.653936288452 124.656913465365 124.656642990287 124.659621491488 10.5085172773254 10.5106290871884 10.5048265880156 10.5069382930283
22270 124.656913465365 124.659890736667 124.659621491488 124.662600099364 10.5106290871884 10.512741914829 10.5069382930283 10.5090510268648
22271 124.659890736667 124.662868093416 124.662600099364 124.665578804939 10.512741914829 10.5148557697151 10.5090510268648 10.5111647991502
22272 124.662868093416 124.665845526543 124.665578804939 124.668557599106 10.5148557697151 10.5169706612844 10.5111647991502 10.5132796194831
22273 124.665845526543 124.668823026849 124.668557599106 124.671536472622 10.5169706612844 10.5190865989411 10.5132796194831 10.5153954974316
22274 124.668823026849 124.671800585005 124.671536472622 124.674515416111 10.5190865989411 10.5212035920517 10.5153954974316 10.517512442529
22275 124.671800585005 124.674778191548 124.674515416111 124.677494420057 10.5212035920517 10.5233216499412 10.517512442529 10.5196304642707
22276 124.674778191548 124.677755836881 124.677494420057 124.680473474801 10.5233216499412 10.5254407818891 10.5196304642707 10.5217495721089
22277 124.677755836881 124.680733511267 124.680473474801 124.683452570543 10.5254407818891 10.527560997125 10.5217495721089 10.5238697754492
22278 124.680733511267 124.683711204829 124.683452570543 124.686431697336 10.527560997125 10.529682304824 10.5238697754492 10.5259910836455
22558 124.612554491393 124.615528528609 124.615245433695 124.618220622376 10.4848389404959 10.4869386089798 10.4811520247021 10.4832514728041
22559 124.615528528609 124.618502753946 124.618220622376 124.621196011414 10.4869386089798 10.489039161547 10.4832514728041 10.4853518143055
22560 124.618502753946 124.621477159855 124.621196011414 124.624171593268 10.489039161547 10.4911406076695 10.4853518143055 10.4874530587888
22561 124.621477159855 124.624451738697 124.624171593268 124.627147360304 10.4911406076695 10.4932429568222 10.4874530587888 10.4895552158429
22562 124.624451738697 124.627426482744 124.627147360304 124.630123304796 10.4932429568222 10.4953462184808 10.4895552158429 10.4916582950605
22563 124.627426482744 124.630401384171 124.630123304796 124.633099418917 10.4953462184808 10.4974504021195 10.4916582950605 10.4937623060363
22564 124.630401384171 124.633376435057 124.633099418917 124.636075694744 10.4974504021195 10.4995555172091 10.4937623060363 10.4958672583643
22565 124.633376435057 124.636351627381 124.636075694744 124.639052124248 10.4995555172091 10.5016615732143 10.4958672583643 10.4979731616362
22566 124.636351627381 124.639326953021 124.639052124248 124.642028699296 10.5016615732143 10.5037685795913 10.4979731616362 10.5000800254378
22567 124.639326953021 124.642302403749 124.642028699296 124.645005411649 10.5037685795913 10.5058765457849 10.5000800254378 10.5021878593473
22568 124.642302403749 124.645277971233 124.645005411649 124.647982252955 10.5058765457849 10.5079854812262 10.5021878593473 10.504296672932
22569 124.645277971233 124.648253647027 124.647982252955 124.650959214749 10.5079854812262 10.5100953953295 10.504296672932 10.5064064757457
22570 124.648253647027 124.651229422579 124.650959214749 124.653936288452 10.5100953953295 10.5122062974893 10.5064064757457 10.5085172773254
22571 124.651229422579 124.654205289217 124.653936288452 124.656913465365 10.5122062974893 10.5143181970772 10.5085172773254 10.5106290871884
22572 124.654205289217 124.657181238155 124.656913465365 124.659890736667 10.5143181970772 10.5164311034387 10.5106290871884 10.512741914829
22573 124.657181238155 124.660157260488 124.659890736667 124.662868093416 10.5164311034387 10.5185450258898 10.512741914829 10.5148557697151
22574 124.660157260488 124.663133347189 124.662868093416 124.665845526543 10.5185450258898 10.5206599737133 10.5148557697151 10.5169706612844
22575 124.663133347189 124.666109489107 124.665845526543 124.668823026849 10.5206599737133 10.5227759561557 10.5169706612844 10.5190865989411
22576 124.666109489107 124.669085676965 124.668823026849 124.671800585005 10.5227759561557 10.5248929824228 10.5190865989411 10.5212035920517
22577 124.669085676965 124.672061901358 124.671800585005 124.674778191548 10.5248929824228 10.5270110616762 10.5212035920517 10.5233216499412
22578 124.672061901358 124.67503815275 124.674778191548 124.677755836881 10.5270110616762 10.5291302030291 10.5233216499412 10.5254407818891
22579 124.67503815275 124.678014421472 124.677755836881 124.680733511267 10.5291302030291 10.5312504155422 10.5254407818891 10.527560997125
22580 124.678014421472 124.680990697723 124.680733511267 124.683711204829 10.5312504155422 10.533371708219 10.527560997125 10.529682304824
22581 124.680990697723 124.683966971562 124.683711204829 124.686688907548 10.533371708219 10.5354940900021 10.529682304824 10.5318047141024
22861 124.612836135895 124.615809209524 124.615528528609 124.618502753946 10.4906242738338 10.492725022378 10.4869386089798 10.489039161547
22862 124.615809209524 124.618782451624 124.618502753946 124.621477159855 10.492725022378 10.4948266550461 10.489039161547 10.4911406076695
22863 124.618782451624 124.621755854554 124.621477159855 124.624451738697 10.4948266550461 10.4969291812025 10.4911406076695 10.4932429568222
22864 124.621755854554 124.624729410588 124.624451738697 124.627426482744 10.4969291812025 10.4990326102092 10.4932429568222 10.4953462184808
22865 124.624729410588 124.627703111906 124.627426482744 124.630401384171 10.4990326102092 10.5011369514238 10.4953462184808 10.4974504021195
22866 124.627703111906 124.630676950595 124.630401384171 124.633376435057 10.5011369514238 10.5032422141973 10.4974504021195 10.4995555172091
22867 124.630676950595 124.633650918644 124.633376435057 124.636351627381 10.5032422141973 10.5053484078719 10.4995555172091 10.5016615732143
22868 124.633650918644 124.636625007947 124.636351627381 124.639326953021 10.5053484078719 10.5074555417778 10.5016615732143 10.5037685795913
22869 124.636625007947 124.639599210292 124.639326953021 124.642302403749 10.5074555417778 10.5095636252312 10.5037685795913 10.5058765457849
22870 124.639599210292 124.642573517368 124.642302403749 124.645277971233 10.5095636252312 10.5116726675316 10.5058765457849 10.5079854812262
22871 124.642573517368 124.645547920757 124.645277971233 124.648253647027 10.5116726675316 10.5137826779584 10.5079854812262 10.5100953953295
22872 124.645547920757 124.648522411931 124.648253647027 124.651229422579 10.5137826779584 10.5158936657685 10.5100953953295 10.5122062974893
22873 124.648522411931 124.651496982255 124.651229422579 124.654205289217 10.5158936657685 10.518005640193 10.5122062974893 10.5143181970772
22874 124.651496982255 124.654471622979 124.654205289217 124.657181238155 10.518005640193 10.5201186104339 10.5143181970772 10.5164311034387
22875 124.654471622979 124.657446325239 124.657181238155 124.660157260488 10.5201186104339 10.5222325856608 10.5164311034387 10.5185450258898
22876 124.657446325239 124.660421080054 124.660157260488 124.663133347189 10.5222325856608 10.5243475750078 10.5185450258898 10.5206599737133
22877 124.660421080054 124.663395878324 124.663133347189 124.666109489107 10.5243475750078 10.5264635875693 10.5206599737133 10.5227759561557
22878 124.663395878324 124.666370710828 124.666109489107 124.669085676965 10.5264635875693 10.5285806323969 10.5227759561557 10.5248929824228
22879 124.666370710828 124.669345568221 124.669085676965 124.672061901358 10.5285806323969 10.5306987184949 10.5248929824228 10.5270110616762
22880 124.669345568221 124.672320441034 124.672061901358 124.67503815275 10.5306987184949 10.5328178548171 10.5270110616762 10.5291302030291
22881 124.672320441034 124.675295319669 124.67503815275 124.678014421472 10.5328178548171 10.534938050262 10.5291302030291 10.5312504155422
22882 124.675295319669 124.678270194401 124.678014421472 124.680990697723 10.534938050262 10.537059313669 10.5312504155422 10.533371708219
22883 124.678270194401 124.681245055372 124.680990697723 124.683966971562 10.537059313669 10.5391816538138 10.533371708219 10.5354940900021
22884 124.681245055372 124.684219892595 124.683966971562 124.686943232911 10.5391816538138 10.5413050794039 10.5354940900021 10.5376175697676
23164 124.613115397379 124.616087487806 124.615809209524 124.618782451624 10.4964094117907 10.4985112160872 10.492725022378 10.4948266550461
23165 124.616087487806 124.619059727103 124.618782451624 124.621755854554 10.4985112160872 10.5006139043334 10.4948266550461 10.4969291812025
23166 124.619059727103 124.622032107549 124.621755854554 124.624729410588 10.5006139043334 10.5027174857812 10.4969291812025 10.4990326102092
23167 124.622032107549 124.625004621331 124.624729410588 124.627703111906 10.5027174857812 10.5048219696753 10.4990326102092 10.5011369514238
23168 124.625004621331 124.627977260549 124.627703111906 124.630676950595 10.5048219696753 10.5069273652508 10.5011369514238 10.5032422141973
23169 124.627977260549 124.630950017207 124.630676950595 124.633650918644 10.5069273652508 10.509033681731 10.5032422141973 10.5053484078719
23170 124.630950017207 124.633922883215 124.633650918644 124.636625007947 10.509033681731 10.5111409283247 10.5053484078719 10.5074555417778
23171 124.633922883215 124.636895850385 124.636625007947 124.639599210292 10.5111409283247 10.5132491142237 10.5074555417778 10.5095636252312
23172 124.636895850385 124.63986891043 124.639599210292 124.642573517368 10.5132491142237 10.5153582486001 10.5095636252312 10.5116726675316
23173 124.63986891043 124.64284205496 124.642573517368 124.645547920757 10.5153582486001 10.5174683406036 10.5116726675316 10.5137826779584
23174 124.64284205496 124.64581527548 124.645547920757 124.648522411931 10.5174683406036 10.5195793993581 10.5137826779584 10.5158936657685
23175 124.64581527548 124.648788563391 124.648522411931 124.651496982255 10.5195793993581 10.5216914339593 10.5158936657685 10.518005640193
23176 124.648788563391 124.651761909984 124.651496982255 124.654471622979 10.5216914339593 10.5238044534711 10.518005640193 10.5201186104339
23177 124.651761909984 124.654735306441 124.654471622979 124.657446325239 10.5238044534711 10.5259184669225 10.5201186104339 10.5222325856608
23178 124.654735306441 124.657708743829 124.657446325239 124.660421080054 10.5259184669225 10.5280334833039 10.5222325856608 10.5243475750078
23179 124.657708743829 124.660682213103 124.660421080054 124.663395878324 10.5280334833039 10.530149511564 10.5243475750078 10.5264635875693
23180 124.660682213103 124.6636557051 124.663395878324 124.666370710828 10.530149511564 10.532266560606 10.5264635875693 10.5285806323969
23181 124.6636557051 124.66662921054 124.666370710828 124.669345568221 10.532266560606 10.5343846392836 10.5285806323969 10.5306987184949
23182 124.66662921054 124.669602720022 124.669345568221 124.672320441034 10.5343846392836 10.5365037563974 10.5306987184949 10.5328178548171
23183 124.669602720022 124.672576224023 124.672320441034 124.675295319669 10.5365037563974 10.5386239206908 10.5328178548171 10.534938050262
23184 124.672576224023 124.675549712898 124.675295319669 124.678270194401 10.5386239206908 10.5407451408455 10.534938050262 10.537059313669
23185 124.675549712898 124.678523176874 124.678270194401 124.681245055372 10.5407451408455 10.542867425478 10.537059313669 10.5391816538138
23186 124.678523176874 124.681496606054 124.681245055372 124.684219892595 10.542867425478 10.5449907831344 10.5391816538138 10.5413050794039
23187 124.681496606054 124.684469990412 124.684219892595 124.687194695944 10.5449907831344 10.5471152222864 10.5413050794039 10.5434295990742
23467 124.613392287409 124.616363375343 124.616087487806 124.619059727103 10.5021943059558 10.5042971415536 10.4985112160872 10.5006139043334
23468 124.616363375343 124.619334592609 124.619059727103 124.622032107549 10.5042971415536 10.5064008607157 10.5006139043334 10.5027174857812
23469 124.619334592609 124.622305931411 124.622032107549 124.625004621331 10.5064008607157 10.5085054725777 10.5027174857812 10.5048219696753
23470 124.622305931411 124.625277383861 124.625004621331 124.627977260549 10.5085054725777 10.5106109862623 10.5048219696753 10.5069273652508
23471 124.625277383861 124.628248941982 124.627977260549 124.630950017207 10.5106109862623 10.5127174108783 10.5069273652508 10.509033681731
23472 124.628248941982 124.631220597706 124.630950017207 124.633922883215 10.5127174108783 10.5148247555168 10.509033681731 10.5111409283247
23473 124.631220597706 124.634192342869 124.633922883215 124.636895850385 10.5148247555168 10.5169330292498 10.5111409283247 10.5132491142237
23474 124.634192342869 124.637164169213 124.636895850385 124.63986891043 10.5169330292498 10.5190422411265 10.5132491142237 10.5153582486001
23475 124.637164169213 124.640136068379 124.63986891043 124.64284205496 10.5190422411265 10.5211524001712 10.5153582486001 10.5174683406036
23476 124.640136068379 124.64310803191 124.64284205496 124.64581527548 10.5211524001712 10.5232635153801 10.5174683406036 10.5195793993581
23477 124.64310803191 124.646080051245 124.64581527548 124.648788563391 10.5232635153801 10.5253755957183 10.5195793993581 10.5216914339593
23478 124.646080051245 124.64905211772 124.648788563391 124.651761909984 10.5253755957183 10.5274886501169 10.5216914339593 10.5238044534711
23479 124.64905211772 124.652024222564 124.651761909984 124.654735306441 10.5274886501169 10.5296026874695 10.5238044534711 10.5259184669225
23480 124.652024222564 124.654996356898 124.654735306441 124.657708743829 10.5296026874695 10.5317177166287 10.5259184669225 10.5280334833039
23481 124.654996356898 124.657968511734 124.657708743829 124.660682213103 10.5317177166287 10.5338337464032 10.5280334833039 10.530149511564
23482 124.657968511734 124.660940677971 124.660682213103 124.6636557051 10.5338337464032 10.5359507855538 10.530149511564 10.532266560606
23483 124.660940677971 124.663912846394 124.6636557051 124.66662921054 10.5359507855538 10.5380688427898 10.532266560606 10.5343846392836
23484 124.663912846394 124.666885007676 124.66662921054 124.669602720022 10.5380688427898 10.5401879267649 10.5343846392836 10.5365037563974
23485 124.666885007676 124.669857152371 124.669602720022 124.672576224023 10.5401879267649 10.5423080460739 10.5365037563974 10.5386239206908
23486 124.669857152371 124.672829270914 124.672576224023 124.675549712898 10.5423080460739 10.5444292092482 10.5386239206908 10.5407451408455
23487 124.672829270914 124.675801353622 124.675549712898 124.678523176874 10.5444292092482 10.5465514247514 10.5407451408455 10.542867425478
23488 124.675801353622 124.678773390691 124.678523176874 124.681496606054 10.5465514247514 10.5486747009757 10.542867425478 10.5449907831344
23489 124.678773390691 124.681745372193 124.681496606054 124.684469990412 10.5486747009757 10.5507990462369 10.5449907831344 10.5471152222864
23490 124.681745372193 124.68471728808 124.684469990412 124.687443319793 10.5507990462369 10.55292446877 10.5471152222864 10.5492407513262
23770 124.613666818046 124.616636884525 124.616363375343 124.619334592609 10.5079789081835 10.5100827505076 10.5042971415536 10.5064008607157
23771 124.616636884525 124.619607060877 124.619334592609 124.622305931411 10.5100827505076 10.5121874758043 10.5064008607157 10.5085054725777
23772 124.619607060877 124.622577339233 124.622305931411 124.625277383861 10.5121874758043 10.5142930930883 10.5085054725777 10.5106109862623
23773 124.622577339233 124.625547711637 124.625277383861 124.628248941982 10.5142930930883 10.5163996113573 10.5106109862623 10.5127174108783
23774 124.625547711637 124.628518170047 124.628248941982 124.631220597706 10.5163996113573 10.5185070395892 10.5127174108783 10.5148247555168
23775 124.628518170047 124.631488706326 124.631220597706 124.634192342869 10.5185070395892 10.5206153867401 10.5148247555168 10.5169330292498
23776 124.631488706326 124.634459312248 124.634192342869 124.637164169213 10.5206153867401 10.5227246617409 10.5169330292498 10.5190422411265
23777 124.634459312248 124.63742997949 124.637164169213 124.640136068379 10.5227246617409 10.5248348734953 10.5190422411265 10.5211524001712
23778 124.63742997949 124.640400699632 124.640136068379 124.64310803191 10.5248348734953 10.5269460308764 10.5211524001712 10.5232635153801
23779 124.640400699632 124.643371464159 124.64310803191 124.646080051245 10.5269460308764 10.5290581427238 10.5232635153801 10.5253755957183
23780 124.643371464159 124.646342264451 124.646080051245 124.64905211772 10.5290581427238 10.5311712178407 10.5253755957183 10.5274886501169
23781 124.646342264451 124.649313091791 124.64905211772 124.652024222564 10.5311712178407 10.5332852649907 10.5274886501169 10.5296026874695
23782 124.649313091791 124.652283937353 124.652024222564 124.654996356898 10.5332852649907 10.5354002928944 10.5296026874695 10.5317177166287
23783 124.652283937353 124.655254792211 124.654996356898 124.657968511734 10.5354002928944 10.5375163102259 10.5317177166287 10.5338337464032
23784 124.655254792211 124.658225647327 124.657968511734 124.660940677971 10.5375163102259 10.5396333256095 10.5338337464032 10.5359507855538
23785 124.658225647327 124.661196493557 124.660940677971 124.663912846394 10.5396333256095 10.5417513476161 10.5359507855538 10.5380688427898
23786 124.661196493557 124.664167321647 124.663912846394 124.666885007676 10.5417513476161 10.5438703847592 10.5380688427898 10.5401879267649
23787 124.664167321647 124.667138122231 124.666885007676 124.669857152371 10.5438703847592 10.5459904454911 10.5401879267649 10.5423080460739
23788 124.667138122231 124.670108885829 124.669857152371 124.672829270914 10.5459904454911 10.5481115381993 10.5423080460739 10.5444292092482
23789 124.670108885829 124.673079602847 124.672829270914 124.675801353622 10.5481115381993 10.550233671202 10.5444292092482 10.5465514247514
23790 124.673079602847 124.676050263578 124.675801353622 124.678773390691 10.550233671202 10.552356852744 10.5465514247514 10.5486747009757
23791 124.676050263578 124.679020858194 124.678773390691 124.681745372193 10.552356852744 10.5544810909925 10.5486747009757 10.5507990462369
23792 124.679020858194 124.681991376754 124.681745372193 124.68471728808 10.5544810909925 10.5566063940327 10.5507990462369 10.55292446877
23793 124.681991376754 124.684961809194 124.68471728808 124.687689128175 10.5566063940327 10.5587327698632 10.55292446877 10.5550509767246
24073 124.613939001829 124.616908028232 124.616636884525 124.619607060877 10.5137631706209 10.515867994992 10.5100827505076 10.5121874758043
24074 124.616908028232 124.619877145134 124.619607060877 124.622577339233 10.515867994992 10.5179737015422 10.5121874758043 10.5142930930883
24075 124.619877145134 124.622846344603 124.622577339233 124.625547711637 10.5179737015422 10.520080299162 10.5142930930883 10.5163996113573
24076 124.622846344603 124.625815618623 124.625547711637 124.628518170047 10.520080299162 10.5221877967204 10.5163996113573 10.5185070395892
24077 124.625815618623 124.628784959092 124.628518170047 124.631488706326 10.5221877967204 10.5242962030617 10.5185070395892 10.5206153867401
24078 124.628784959092 124.631754357815 124.631488706326 124.634459312248 10.5242962030617 10.526405527003 10.5206153867401 10.5227246617409
24079 124.631754357815 124.634723806509 124.634459312248 124.63742997949 10.526405527003 10.5285157773318 10.5227246617409 10.5248348734953
24080 124.634723806509 124.637693296796 124.63742997949 124.640400699632 10.5285157773318 10.5306269628027 10.5248348734953 10.5269460308764
24081 124.637693296796 124.640662820206 124.640400699632 124.643371464159 10.5306269628027 10.5327390921349 10.5269460308764 10.5290581427238
24082 124.640662820206 124.643632368171 124.643371464159 124.646342264451 10.5327390921349 10.5348521740089 10.5290581427238 10.5311712178407
24083 124.643632368171 124.646601932025 124.646342264451 124.649313091791 10.5348521740089 10.5369662170634 10.5311712178407 10.5332852649907
24084 124.646601932025 124.649571503003 124.649313091791 124.652283937353 10.5369662170634 10.5390812298922 10.5332852649907 10.5354002928944
24085 124.649571503003 124.652541072239 124.652283937353 124.655254792211 10.5390812298922 10.5411972210407 10.5354002928944 10.5375163102259
24086 124.652541072239 124.655510630764 124.655254792211 124.658225647327 10.5411972210407 10.5433141990024 10.5375163102259 10.5396333256095
24087 124.655510630764 124.658480169506 124.658225647327 124.661196493557 10.5433141990024 10.5454321722158 10.5396333256095 10.5417513476161
24088 124.658480169506 124.661449679286 124.661196493557 124.664167321647 10.5454321722158 10.5475511490599 10.5417513476161 10.5438703847592
24089 124.661449679286 124.664419150821 124.664167321647 124.667138122231 10.5475511490599 10.5496711378515 10.5438703847592 10.5459904454911
24090 124.664419150821 124.667388574717 124.667138122231 124.670108885829 10.5496711378515 10.5517921468401 10.5459904454911 10.5481115381993
24091 124.667388574717 124.670357941472 124.670108885829 124.673079602847 10.5517921468401 10.5539141842053 10.5481115381993 10.550233671202
24092 124.670357941472 124.673327241477 124.673079602847 124.676050263578 10.5539141842053 10.5560372580514 10.550233671202 10.552356852744
24093 124.673327241477 124.676296465006 124.676050263578 124.679020858194 10.5560372580514 10.5581613764042 10.552356852744 10.5544810909925
24094 124.676296465006 124.679265602227 124.679020858194 124.681991376754 10.5581613764042 10.5602865472061 10.5544810909925 10.5566063940327
24095 124.679265602227 124.68223464319 124.681991376754 124.684961809194 10.5602865472061 10.562412778312 10.5566063940327 10.5587327698632
24376 124.614208851761 124.617176819809 124.616908028232 124.619877145134 10.5195470457343 10.5216528273878 10.515867994992 10.5179737015422
24377 124.617176819809 124.620144859079 124.619877145134 124.622846344603 10.5216528273878 10.5237594902307 10.5179737015422 10.520080299162
24378 124.620144859079 124.623112961586 124.622846344603 124.625815618623 10.5237594902307 10.5258670430265 10.520080299162 10.5221877967204
24379 124.623112961586 124.626081119261 124.625815618623 124.628784959092 10.5258670430265 10.5279754945122 10.5221877967204 10.5242962030617
24380 124.626081119261 124.629049323948 124.628784959092 124.631754357815 10.5279754945122 10.5300848533954 10.5242962030617 10.526405527003
24381 124.629049323948 124.632017567404 124.631754357815 124.634723806509 10.5300848533954 10.5321951283518 10.526405527003 10.5285157773318
24382 124.632017567404 124.634985841297 124.634723806509 124.637693296796 10.5321951283518 10.5343063280225 10.5285157773318 10.5306269628027
24383 124.634985841297 124.637954137204 124.637693296796 124.640662820206 10.5343063280225 10.5364184610108 10.5306269628027 10.5327390921349
24384 124.637954137204 124.640922446609 124.640662820206 124.643632368171 10.5364184610108 10.5385315358794 10.5327390921349 10.5348521740089
24385 124.640922446609 124.643890760905 124.643632368171 124.646601932025 10.5385315358794 10.5406455611476 10.5348521740089 10.5369662170634
24386 124.643890760905 124.646859071386 124.646601932025 124.649571503003 10.5406455611476 10.5427605452875 10.5369662170634 10.5390812298922
24387 124.646859071386 124.649827369251 124.649571503003 124.652541072239 10.5427605452875 10.5448764967212 10.5390812298922 10.5411972210407
24388 124.649827369251 124.6527956456 124.652541072239 124.655510630764 10.5448764967212 10.5469934238173 10.5411972210407 10.5433141990024
24389 124.6527956456 124.655763891436 124.655510630764 124.658480169506 10.5469934238173 10.5491113348874 10.5433141990024 10.5454321722158
24390 124.655763891436 124.65873209766 124.658480169506 124.661449679286 10.5491113348874 10.5512302381824 10.5454321722158 10.5475511490599
24391 124.65873209766 124.661700255069 124.661449679286 124.664419150821 10.5512302381824 10.5533501418892 10.5475511490599 10.5496711378515
24392 124.661700255069 124.66466835436 124.664419150821 124.667388574717 10.5533501418892 10.5554710541263 10.5496711378515 10.5517921468401
24393 124.66466835436 124.667636386126 124.667388574717 124.670357941472 10.5554710541263 10.5575929829406 10.5517921468401 10.5539141842053
24394 124.667636386126 124.670604340853 124.670357941472 124.673327241477 10.5575929829406 10.559715936303 10.5539141842053 10.5560372580514
24395 124.670604340853 124.673572208923 124.673327241477 124.676296465006 10.559715936303 10.5618399221043 10.5560372580514 10.5581613764042
24679 124.614476381285 124.617443273044 124.617176819809 124.620144859079 10.5253304863338 10.5274372004396 10.5216528273878 10.5237594902307
24680 124.617443273044 124.62041021686 124.620144859079 124.623112961586 10.5274372004396 10.5295447945551 10.5237594902307 10.5258670430265
24681 124.62041021686 124.623377204699 124.623112961586 124.626081119261 10.5295447945551 10.5316532773139 10.5258670430265 10.5279754945122
24682 124.623377204699 124.626344228447 124.626081119261 124.629049323948 10.5316532773139 10.5337626573184 10.5279754945122 10.5300848533954
24683 124.626344228447 124.629311279905 124.629049323948 124.632017567404 10.5337626573184 10.5358729431371 10.5300848533954 10.5321951283518
24684 124.629311279905 124.632278350786 124.632017567404 124.634985841297 10.5358729431371 10.5379841433018 10.5321951283518 10.5343063280225
24685 124.632278350786 124.63524543272 124.634985841297 124.637954137204 10.5379841433018 10.5400962663051 10.5343063280225 10.5364184610108
24686 124.63524543272 124.638212517246 124.637954137204 124.640922446609 10.5400962663051 10.5422093205967 10.5364184610108 10.5385315358794
24687 124.638212517246 124.641179595813 124.640922446609 124.643890760905 10.5422093205967 10.5443233145813 10.5385315358794 10.5406455611476
24688 124.641179595813 124.644146659781 124.643890760905 124.646859071386 10.5443233145813 10.5464382566148 10.5406455611476 10.5427605452875
24689 124.644146659781 124.647113700415 124.646859071386 124.649827369251 10.5464382566148 10.5485541550012 10.5427605452875 10.5448764967212
24690 124.647113700415 124.650080708887 124.649827369251 124.6527956456 10.5485541550012 10.5506710179898 10.5448764967212 10.5469934238173
24691 124.650080708887 124.653047676276 124.6527956456 124.655763891436 10.5506710179898 10.552788853771 10.5469934238173 10.5491113348874
24692 124.653047676276 124.656014593562 124.655763891436 124.65873209766 10.552788853771 10.5549076704735 10.5491113348874 10.5512302381824
24693 124.656014593562 124.658981451629 124.65873209766 124.661700255069 10.5549076704735 10.5570274761602 10.5512302381824 10.5533501418892
24694 124.658981451629 124.661948241265 124.661700255069 124.66466835436 10.5570274761602 10.5591482788248 10.5533501418892 10.5554710541263
24695 124.661948241265 124.664914953155 124.66466835436 124.667636386126 10.5591482788248 10.5612700863879 10.5554710541263 10.5575929829406
24981 124.611775847383 124.614741604266 124.614476381285 124.617443273044 10.5290066940278 10.5311134455979 10.5253304863338 10.5274372004396
24982 124.614741604266 124.617707402153 124.617443273044 124.62041021686 10.5311134455979 10.5332210672798 10.5274372004396 10.5295447945551
24983 124.617707402153 124.620673233052 124.62041021686 124.623377204699 10.5332210672798 10.5353295676082 10.5295447945551 10.5316532773139
24984 124.620673233052 124.623639088889 124.623377204699 124.626344228447 10.5353295676082 10.5374389550843 10.5316532773139 10.5337626573184
24985 124.623639088889 124.626604961511 124.626344228447 124.629311279905 10.5374389550843 10.5395492381739 10.5337626573184 10.5358729431371
24986 124.626604961511 124.629570842683 124.629311279905 124.632278350786 10.5395492381739 10.5416604253041 10.5358729431371 10.5379841433018
24987 124.629570842683 124.632536724087 124.632278350786 124.63524543272 10.5416604253041 10.543772524861 10.5379841433018 10.5400962663051
24988 124.632536724087 124.635502597318 124.63524543272 124.638212517246 10.543772524861 10.5458855451866 10.5400962663051 10.5422093205967
24989 124.635502597318 124.638468453888 124.638212517246 124.641179595813 10.5458855451866 10.5479994945758 10.5422093205967 10.5443233145813
24990 124.638468453888 124.64143428522 124.641179595813 124.644146659781 10.5479994945758 10.5501143812732 10.5443233145813 10.5464382566148
24991 124.64143428522 124.64440008265 124.644146659781 124.647113700415 10.5501143812732 10.5522302134705 10.5464382566148 10.5485541550012
24992 124.64440008265 124.647365837423 124.647113700415 124.650080708887 10.5522302134705 10.5543469993025 10.5485541550012 10.5506710179898
24993 124.647365837423 124.650331540693 124.650080708887 124.653047676276 10.5543469993025 10.5564647468445 10.5506710179898 10.552788853771
24994 124.650331540693 124.653297183526 124.653047676276 124.656014593562 10.5564647468445 10.5585834641082 10.552788853771 10.5549076704735
24995 124.653297183526 124.656262756892 124.656014593562 124.658981451629 10.5585834641082 10.5607031590387 10.5549076704735 10.5570274761602
24996 124.656262756892 124.659228251669 124.658981451629 124.661948241265 10.5607031590387 10.5628238395108 10.5570274761602 10.5591482788248
25284 124.612039870306 124.615004534966 124.614741604266 124.617707402153 10.5347882414422 10.5368958770957 10.5311134455979 10.5332210672798
25285 124.615004534966 124.61796922175 124.617707402153 124.620673233052 10.5368958770957 10.5390043814512 10.5332210672798 10.5353295676082
25286 124.61796922175 124.620933922631 124.620673233052 124.623639088889 10.5390043814512 10.5411137629133 10.5353295676082 10.5374389550843
25287 124.620933922631 124.623898629503 124.623639088889 124.626604961511 10.5411137629133 10.5432240298491 10.5374389550843 10.5395492381739
25288 124.623898629503 124.626863334184 124.626604961511 124.629570842683 10.5432240298491 10.5453351905856 10.5395492381739 10.5416604253041
25289 124.626863334184 124.629828028409 124.629570842683 124.632536724087 10.5453351905856 10.5474472534071 10.5416604253041 10.543772524861
25290 124.629828028409 124.632792703835 124.632536724087 124.635502597318 10.5474472534071 10.5495602265524 10.543772524861 10.5458855451866
25291 124.632792703835 124.635757352035 124.635502597318 124.638468453888 10.5495602265524 10.5516741182115 10.5458855451866 10.5479994945758
25292 124.635757352035 124.638721964499 124.638468453888 124.64143428522 10.5516741182115 10.553788936523 10.5479994945758 10.5501143812732
25293 124.638721964499 124.641686532634 124.64143428522 124.64440008265 10.553788936523 10.5559046895709 10.5501143812732 10.5522302134705
25294 124.641686532634 124.644651047761 124.64440008265 124.647365837423 10.5559046895709 10.5580213853814 10.5522302134705 10.5543469993025
25295 124.644651047761 124.647615501113 124.647365837423 124.650331540693 10.5580213853814 10.5601390319196 10.5543469993025 10.5564647468445
25296 124.647615501113 124.650579883839 124.650331540693 124.653297183526 10.5601390319196 10.5622576370863 10.5564647468445 10.5585834641082
25587 124.612301632597 124.615265188023 124.615004534966 124.61796922175 10.540569239814 10.5426777348088 10.5368958770957 10.5390043814512
25588 124.615265188023 124.618228746825 124.61796922175 124.620933922631 10.5426777348088 10.5447870969283 10.5390043814512 10.5411137629133
25589 124.618228746825 124.621192300951 124.620933922631 124.623898629503 10.5447870969283 10.5468973344453 10.5411137629133 10.5432240298491
25590 124.621192300951 124.62415584227 124.623898629503 124.626863334184 10.5468973344453 10.5490084555912 10.5432240298491 10.5453351905856
25591 124.62415584227 124.627119362575 124.626863334184 124.629828028409 10.5490084555912 10.5511204685529 10.5453351905856 10.5474472534071
25592 124.627119362575 124.630082853584 124.629828028409 124.632792703835 10.5511204685529 10.5532333814706 10.5474472534071 10.5495602265524
25593 124.630082853584 124.633046306935 124.632792703835 124.635757352035 10.5532333814706 10.5553472024342 10.5495602265524 10.5516741182115
25594 124.633046306935 124.636009714187 124.635757352035 124.638721964499 10.5553472024342 10.5574619394813 10.5516741182115 10.553788936523
25595 124.636009714187 124.638973066818 124.638721964499 124.641686532634 10.5574619394813 10.5595776005932 10.553788936523 10.5559046895709
25596 124.638973066818 124.641936356226 124.641686532634 124.644651047761 10.5595776005932 10.5616941936926 10.5559046895709 10.5580213853814
25890 124.612561148903 124.615523578426 124.615265188023 124.618228746825 10.5463496435523 10.548458973151 10.5426777348088 10.5447870969283
25891 124.615523578426 124.618485992723 124.618228746825 124.621192300951 10.548458973151 10.5505691681372 10.5447870969283 10.5468973344453
25892 124.618485992723 124.621448383718 124.621192300951 124.62415584227 10.5505691681372 10.5526802366506 10.5468973344453 10.5490084555912
25893 124.621448383718 124.624410743265 124.62415584227 124.627119362575 10.5526802366506 10.5547921867854 10.5490084555912 10.5511204685529
25894 124.624410743265 124.627373063144 124.627119362575 124.630082853584 10.5547921867854 10.5569050265876 10.5511204685529 10.5532333814706
25895 124.627373063144 124.630335335058 124.630082853584 124.633046306935 10.5569050265876 10.559018764052 10.5532333814706 10.5553472024342
25896 124.630335335058 124.633297550637 124.633046306935 124.636009714187 10.559018764052 10.5611334071194 10.5553472024342 10.5574619394813
26193 124.612818434198 124.615779721494 124.615523578426 124.618485992723 10.5521294074984 10.5542395469875 10.548458973151 10.5505691681372
26194 124.615779721494 124.618740975111 124.618485992723 124.621448383718 10.5542395469875 10.5563505499747 10.5505691681372 10.5526802366506
26195 124.618740975111 124.621702186962 124.621448383718 124.624410743265 10.5563505499747 10.5584624244655 10.5526802366506 10.5547921867854
26196 124.621702186962 124.624663348891 124.624410743265 124.627373063144 10.5584624244655 10.5605751784164 10.5547921867854 10.5569050265876
26197 124.624663348891 124.627624452669 124.627373063144 124.630335335058 10.5605751784164 10.5626888197314 10.5569050265876 10.559018764052
26496 124.613073503758 124.616033632845 124.615779721494 124.618740975111 10.5579084869441 10.5600194116524 10.5542395469875 10.5563505499747
26497 124.616033632845 124.61899370996 124.618740975111 124.621702186962 10.5600194116524 10.5621311978252 10.5563505499747 10.5584624244655
