id_number
19854
19855
20155
20156
20156
20156
20157
20157
20157
20158
20455
20456
20456
20457
20457
20457
20458
20458
20458
20458
20459
20459
20459
20459
20460
20460
20460
20461
20755
20756
20756
20757
20757
20757
20758
20758
20758
20758
20759
20759
20759
20759
20760
20760
20760
20760
20761
20761
20761
20761
20762
20762
20762
20762
20763
20763
20763
20764
21055
21056
21056
21057
21057
21057
21058
21058
21058
21058
21059
21059
21059
21059
21060
21060
21060
21060
21061
21061
21061
21061
21062
21062
21062
21062
21063
21063
21063
21063
21064
21064
21064
21064
21065
21065
21065
21065
21066
21066
21066
21067
21356
21357
21357
21357
21358
21358
21358
21358
21359
21359
21359
21359
21360
21360
21360
21360
21361
21361
21361
21361
21362
21362
21362
21362
21363
21363
21363
21363
21364
21364
21364
21364
21365
21365
21365
21365
21366
21366
21366
21366
21367
21367
21367
21367
21368
21368
21368
21368
21369
21369
21656
21657
21657
21658
21658
21658
21659
21659
21659
21659
21660
21660
21660
21660
21661
21661
21661
21661
21662
21662
21662
21662
21663
21663
21663
21663
21664
21664
21664
21664
21665
21665
21665
21665
21666
21666
21666
21666
21667
21667
21667
21667
21668
21668
21668
21668
21669
21669
21669
21669
21670
21670
21670
21670
21671
21671
21671
21672
21956
21957
21957
21958
21958
21958
21959
21959
21959
21959
21960
21960
21960
21960
21961
21961
21961
21961
21962
21962
21962
21962
21963
21963
21963
21963
21964
21964
21964
21964
21965
21965
21965
21965
21966
21966
21966
21966
21967
21967
21967
21967
21968
21968
21968
21968
21969
21969
21969
21969
21970
21970
21970
21970
21971
21971
21971
21971
21972
21972
21972
21972
21973
21973
21973
21973
21974
21974
21974
21975
22256
22257
22257
22258
22258
22258
22259
22259
22259
22259
22260
22260
22260
22260
22261
22261
22261
22261
22262
22262
22262
22262
22263
22263
22263
22263
22264
22264
22264
22264
22265
22265
22265
22265
22266
22266
22266
22266
22267
22267
22267
22267
22268
22268
22268
22268
22269
22269
22269
22269
22270
22270
22270
22270
22271
22271
22271
22271
22272
22272
22272
22272
22273
22273
22273
22273
22274
22274
22274
22274
22275
22275
22275
22275
22276
22276
22276
22276
22277
22277
22277
22278
22558
22559
22559
22559
22560
22560
22560
22560
22561
22561
22561
22561
22562
22562
22562
22562
22563
22563
22563
22563
22564
22564
22564
22564
22565
22565
22565
22565
22566
22566
22566
22566
22567
22567
22567
22567
22568
22568
22568
22568
22569
22569
22569
22569
22570
22570
22570
22570
22571
22571
22571
22571
22572
22572
22572
22572
22573
22573
22573
22573
22574
22574
22574
22574
22575
22575
22575
22575
22576
22576
22576
22576
22577
22577
22577
22577
22578
22578
22578
22578
22579
22579
22579
22579
22580
22580
22580
22581
22861
22862
22862
22862
22863
22863
22863
22863
22864
22864
22864
22864
22865
22865
22865
22865
22866
22866
22866
22866
22867
22867
22867
22867
22868
22868
22868
22868
22869
22869
22869
22869
22870
22870
22870
22870
22871
22871
22871
22871
22872
22872
22872
22872
22873
22873
22873
22873
22874
22874
22874
22874
22875
22875
22875
22875
22876
22876
22876
22876
22877
22877
22877
22877
22878
22878
22878
22878
22879
22879
22879
22879
22880
22880
22880
22880
22881
22881
22881
22881
22882
22882
22882
22882
22883
22883
22883
22884
23164
23165
23165
23165
23166
23166
23166
23166
23167
23167
23167
23167
23168
23168
23168
23168
23169
23169
23169
23169
23170
23170
23170
23170
23171
23171
23171
23171
23172
23172
23172
23172
23173
23173
23173
23173
23174
23174
23174
23174
23175
23175
23175
23175
23176
23176
23176
23176
23177
23177
23177
23177
23178
23178
23178
23178
23179
23179
23179
23179
23180
23180
23180
23180
23181
23181
23181
23181
23182
23182
23182
23182
23183
23183
23183
23183
23184
23184
23184
23184
23185
23185
23185
23185
23186
23186
23186
23187
23467
23468
23468
23468
23469
23469
23469
23469
23470
23470
23470
23470
23471
23471
23471
23471
23472
23472
23472
23472
23473
23473
23473
23473
23474
23474
23474
23474
23475
23475
23475
23475
23476
23476
23476
23476
23477
23477
23477
23477
23478
23478
23478
23478
23479
23479
23479
23479
23480
23480
23480
23480
23481
23481
23481
23481
23482
23482
23482
23482
23483
23483
23483
23483
23484
23484
23484
23484
23485
23485
23485
23485
23486
23486
23486
23486
23487
23487
23487
23487
23488
23488
23488
23488
23489
23489
23489
23490
23770
23771
23771
23771
23772
23772
23772
23772
23773
23773
23773
23773
23774
23774
23774
23774
23775
23775
23775
23775
23776
23776
23776
23776
23777
23777
23777
23777
23778
23778
23778
23778
23779
23779
23779
23779
23780
23780
23780
23780
23781
23781
23781
23781
23782
23782
23782
23782
23783
23783
23783
23783
23784
23784
23784
23784
23785
23785
23785
23785
23786
23786
23786
23786
23787
23787
23787
23787
23788
23788
23788
23788
23789
23789
23789
23789
23790
23790
23790
23790
23791
23791
23791
23791
23792
23792
23792
23793
24073
24074
24074
24074
24075
24075
24075
24075
24076
24076
24076
24076
24077
24077
24077
24077
24078
24078
24078
24078
24079
24079
24079
24079
24080
24080
24080
24080
24081
24081
24081
24081
24082
24082
24082
24082
24083
24083
24083
24083
24084
24084
24084
24084
24085
24085
24085
24085
24086
24086
24086
24086
24087
24087
24087
24087
24088
24088
24088
24088
24089
24089
24089
24089
24090
24090
24090
24090
24091
24091
24091
24091
24092
24092
24092
24092
24093
24093
24093
24094
24094
24095
24376
24377
24377
24377
24378
24378
24378
24378
24379
24379
24379
24379
24380
24380
24380
24380
24381
24381
24381
24381
24382
24382
24382
24382
24383
24383
24383
24383
24384
24384
24384
24384
24385
24385
24385
24385
24386
24386
24386
24386
24387
24387
24387
24387
24388
24388
24388
24388
24389
24389
24389
24389
24390
24390
24390
24390
24391
24391
24391
24391
24392
24392
24392
24392
24393
24393
24393
24394
24394
24395
24679
24679
24680
24680
24680
24680
24681
24681
24681
24681
24682
24682
24682
24682
24683
24683
24683
24683
24684
24684
24684
24684
24685
24685
24685
24685
24686
24686
24686
24686
24687
24687
24687
24687
24688
24688
24688
24688
24689
24689
24689
24689
24690
24690
24690
24690
24691
24691
24691
24691
24692
24692
24692
24692
24693
24693
24693
24693
24694
24694
24694
24695
24981
24982
24982
24982
24983
24983
24983
24983
24984
24984
24984
24984
24985
24985
24985
24985
24986
24986
24986
24986
24987
24987
24987
24987
24988
24988
24988
24988
24989
24989
24989
24989
24990
24990
24990
24990
24991
24991
24991
24991
24992
24992
24992
24992
24993
24993
24993
24993
24994
24994
24994
24995
24995
24996
25284
25285
25285
25285
25286
25286
25286
25286
25287
25287
25287
25287
25288
25288
25288
25288
25289
25289
25289
25289
25290
25290
25290
25290
25291
25291
25291
25291
25292
25292
25292
25292
25293
25293
25293
25293
25294
25294
25294
25295
25295
25296
25587
25588
25588
25588
25589
25589
25589
25589
25590
25590
25590
25590
25591
25591
25591
25591
25592
25592
25592
25592
25593
25593
25593
25593
25594
25594
25594
25595
25595
25596
25890
25891
25891
25891
25892
25892
25892
25892
25893
25893
25893
25893
25894
25894
25894
25894
25895
25895
25895
25896
26193
26194
26194
26194
26195
26195
26195
26196
26196
26197
26496
26497